0001
4849
P
5000.00
20
0001
1839 
P
7500.00
0
0001
3728
O
10
10.0
0
0001
4682
P
4500.0
6
0002
2840
P
8000.00
0
0002
3892
O
1 
4000.00
10
0002
7323
P 
4500.00
0
0002
4829
P
2000.00
0
0003
1284
O 
2 
500.00
0
0003
2824
P
6700.0
0
0003
4728
P
2500.0
0
0003
9483
P
1800.0
0
0005
4393
P 
8750.00 
5
0005
2498
O
5
100.0
0
0005
7429
P
500
0
0005
1384
O 
2500 
5.00
0
0006
6429
P 
10000.00
0
0006
2847
P 
5000.00
0
0006
8393
O
170 
20.00
0
0006
2789
P
1000.00
0
0007
7593
P
500.00
0
0007
3940
O 
10 
200.00
0
0007
4848
P 
490.00
0
0007
1209
O
15 
50.00 
10
0008
7429
O
35
10.0
5
0008
3792
P
1000.0
0
0008
8492
O
10
19.0
0
0008
1981
P
1500.0
0